46,71800 -16,19050 878 188
37,06700 24,99950 945 481
13,87200 -1,75950 618 159
5,97500 -38,72950 897 805
33,32800 27,08950 929 83
20,99150 -24,36600 828 394
18,19000 -14,20950 843 250
20,65150 9,70700 672 845
49,68350 -11,69100 638 346
42,18850 2,34250 972 809
14,02350 33,38450 955 643
45,53450 25,52750 679 275
-23,02600 -28,30250 547 655
-20,89550 -33,75350 850 236
-18,07500 -11,77750 832 409
23,72900 7,81000 941 179
2,50100 44,04900 660 849
-38,94350 11,94250 888 608
-19,81900 -15,42750 554 208
-2,03000 -27,07900 454 495
-35,03800 32,29200 500 531
47,93500 45,80100 847 389
16,24800 -10,50400 404 372
16,36500 -36,27500 819 632
-43,86100 -42,40650 506 577
45,20600 39,29650 837 266
35,09100 -7,78050 499 354
49,27700 46,20600 776 680
-47,12300 39,10200 470 303
-48,37950 9,20500 722 322
4,44100 -36,36700 553 316
27,35100 27,93950 608 343
-9,24750 -5,74050 892 562
42,47950 -39,97650 873 395
-28,01300 3,57500 491 823
-30,98000 13,46000 414 653
-28,66100 -30,64400 436 973
-4,83350 -45,69150 863 683
29,99600 22,10850 619 40
26,00500 -26,28600 573 38
8,03450 0,86950 714 948
-38,45700 43,84400 877 735
-12,52250 -4,01500 846 451
9,19450 -32,04700 485 249
-38,05600 45,52100 434 690
-20,42750 -24,64400 579 999
11,47350 30,56950 761 680
1,86500 -33,58600 713 703
-22,69800 49,68450 717 616
37,25250 9,66750 450 925
15,32750 17,15100 820 910
29,76200 -11,63500 674 308
-29,36300 20,53150 585 23
15,16150 -30,06800 821 574
15,08350 -48,45500 612 805
10,16600 -20,16450 615 879
36,40000 -19,45350 417 665
-28,20200 14,10250 760 110
-41,17300 36,50200 577 326
15,67150 8,99250 547 855
-38,59450 21,46800 706 656
34,19650 31,55100 595 53
-2,38200 15,99700 460 964
25,21550 -27,65200 620 502
-31,20550 -7,86800 820 837
-35,23900 28,97600 928 669
-45,12200 -47,17150 914 507
17,37050 -48,85250 632 901
-13,91700 -23,26900 464 33
-36,11600 -22,33650 980 842
-3,89000 -48,27050 550 482
-1,68950 17,21550 793 313
-28,60600 -36,98850 493 41
19,86500 -42,73100 475 243
-31,79550 -49,17850 802 690
-38,67550 -47,44350 888 784
27,67650 40,91300 677 391
-0,19300 46,26300 452 489
-8,16250 36,35450 745 158
-12,80800 25,16400 646 794
-0,01200 11,52750 730 637
17,76150 44,21800 482 910
4,38150 8,20750 722 631
21,47950 47,65350 722 622
3,74550 -27,99550 920 817
-31,07550 -29,37200 452 720
40,61600 23,07600 706 695
-34,18500 10,36000 709 769
16,01550 -36,53900 774 201
3,91750 -3,16200 656 667
22,80900 12,50550 799 851
-29,46000 29,62050 517 432
1,36450 15,88500 522 360
29,64550 -9,32950 548 524
-33,16950 23,88600 580 757
49,03750 45,65750 752 560
43,87600 28,66600 790 185
42,72750 -36,84100 466 41
-28,55600 41,49550 758 768
12,12900 -18,05800 712 273
-27,46950 25,43200 848 391
43,11950 15,96900 703 235
41,60850 8,64500 797 30
-20,00500 11,35150 640 672
0,12150 -42,61200 759 418
42,58750 40,75350 626 16
40,03850 -32,57800 674 750
-36,36650 -28,11350 816 425
22,54350 -15,90700 709 601
-36,83650 -37,73550 992 163
34,64600 -32,36350 835 761
-0,06750 -47,90100 977 439
-0,96850 12,33250 717 646
28,90000 -13,51000 787 591
30,25350 -34,43300 628 724
-47,28550 -8,46950 729 341
19,23100 30,07650 557 309
3,92450 -45,63450 544 549
-16,83050 -5,31300 512 604
-32,95150 -46,03300 878 120
-42,55800 -3,17900 547 265
-43,89150 44,84300 961 234
-42,72400 13,00000 997 595
-9,76100 16,80050 987 991
-30,14750 -6,58100 826 881
-42,81400 -47,28150 846 53
27,84300 -24,37350 953 118
28,96600 42,04200 508 180
40,51450 -34,99050 645 44
-6,08450 -16,56700 705 80
-46,86200 41,97350 912 685
-21,80150 -44,39000 429 893
18,47550 -24,35050 734 462
-21,32950 27,18850 800 949
-26,42100 -26,31850 766 444
25,90250 -13,33150 781 711
-6,50500 20,53900 768 280
46,50400 -43,97700 680 965
-19,94050 24,31750 857 697
11,37050 -31,26450 797 349
30,22150 -16,00200 932 565
-25,43350 -22,19950 513 624
34,87700 -39,64850 903 343
-45,27700 21,05550 920 531
47,24350 -16,48700 752 770
12,93800 -10,41650 449 398
-43,91000 18,83000 723 52
-24,03900 26,33400 484 578
1,69500 -17,16550 794 922
15,99800 41,69750 555 285
-48,31500 38,98450 799 227
44,26600 16,86150 443 304
26,93750 20,90250 524 336
25,05900 24,72500 488 131
-15,33900 13,62700 669 676
2,29050 -4,25700 739 363
-4,60950 -37,22800 462 976
7,08200 -38,69700 489 426
-27,59600 19,04350 672 113
7,87700 -29,86100 577 573
-3,56700 -45,04700 942 941
36,98600 39,04900 899 911
-49,09350 -38,67600 825 621
8,32750 23,10100 695 734
-5,24500 19,57300 536 826
-41,43300 17,33050 584 577
12,87450 49,65100 701 498
27,79500 -31,83200 407 325
21,20450 13,09800 418 275
-25,66600 -20,12100 778 428
6,60400 9,95150 767 59
-1,89950 -18,13250 607 128
31,80550 -40,13700 950 671
9,28950 1,34500 924 114
-12,14500 -17,87700 837 743
28,37600 -34,67300 926 270
47,66300 -0,47950 550 10
-17,35950 14,86950 992 917
-31,57700 0,20500 490 706
-41,28150 33,24250 950 268
-37,98500 -3,48750 692 480
25,17800 37,19000 892 45
1,15950 3,21600 618 182
-40,06050 46,50200 992 925
3,49700 22,46900 935 110
-20,80100 -26,90550 579 139
8,98300 33,98200 682 948
-13,26350 46,94350 966 151
-32,29450 -14,41450 604 783
-33,06300 -37,72150 615 193
-33,63300 25,30800 603 278
-37,61750 32,60750 803 142
23,17150 38,79400 902 205
-27,51300 -21,07800 453 834
28,07650 -25,29000 420 68
14,82900 -20,80850 781 705
-9,35600 48,46650 407 112
-10,05250 -3,14200 522 681
-22,92200 -23,39650 790 43
-46,26400 24,68700 591 696
30,89750 23,09050 591 836
-27,23150 -6,43750 1000 342
31,86300 -15,63500 484 19
-12,64850 47,77700 482 441
-21,42000 46,02550 867 102
-21,81900 36,21200 540 128
14,74200 38,41550 708 271
30,75800 -5,51500 987 276
-43,11000 1,10200 826 275
13,18850 13,72650 504 189
31,19950 -32,38900 533 220
-6,75600 -13,19950 925 25
5,40400 3,61400 627 476
26,18150 -4,42800 958 238
17,32500 -27,83900 413 243
-25,90600 -13,93300 445 134
28,86450 29,47350 888 331
-11,10150 18,63600 486 245
-25,72550 -28,66600 659 134
32,13750 -18,80700 767 710
9,05350 -47,04350 485 923
-30,11000 7,55600 816 47
-41,04400 -49,80150 495 871
-14,61600 -1,63500 530 321
-26,34750 -20,38050 428 38
32,64600 -45,90350 590 377
-44,44500 -2,15950 811 227
-12,58600 -6,86450 864 894
4,20350 20,82350 541 86
-3,91600 39,42000 416 828
16,97700 30,00000 904 15
-39,13000 -45,72900 715 487
-33,77100 45,37500 656 59
38,84900 -10,57500 565 680
44,91250 -3,46450 469 579
-24,79900 -9,55100 482 548
-29,36550 43,20000 602 201
-10,70300 -41,37150 818 704
18,17600 -14,91700 483 85
-26,84100 -1,03050 941 881
-1,48750 17,22650 809 200
-31,54000 31,28450 428 255
-7,24650 -8,70450 500 206
1,32000 -30,61600 461 163
-26,32450 -47,56700 711 526
31,85950 -46,44900 474 110
-49,18500 42,06550 762 126
9,80100 -46,33100 912 480
38,88250 -4,25150 634 410
25,37200 -38,71550 512 137
