-90,53300 -62,01510 536 866
-64,07860 -67,84660 976 568
-81,46140 -83,63070 405 529
-66,47030 -63,13750 832 369
-99,10360 -66,36640 915 841
-83,58490 -81,37170 604 767
-77,85860 -77,89050 956 102
-88,40170 -82,60460 758 987
-78,78530 -68,67890 962 23
-65,72020 -54,22400 741 380
-94,89840 -86,71390 890 595
-65,16130 -71,89970 893 277
-74,46730 -74,10550 511 602
-95,87790 -64,82350 649 12
-70,25200 -68,87370 613 248
-69,22280 -70,05000 983 852
-78,37600 -93,36470 800 195
-88,78490 -73,40970 585 103
-72,43350 -87,03660 811 508
-71,31040 -55,95450 772 642
-64,75600 -55,67820 514 963
-67,12830 -57,51910 635 508
-63,40730 -72,36310 689 356
-93,47410 -64,24820 995 711
-61,21420 -73,28610 972 471
-78,44620 -83,50410 598 784
-69,88460 -70,34300 406 848
-95,00680 -69,41800 534 21
-97,16560 -57,36740 713 378
-69,46930 -59,33410 712 744
-64,57390 -76,04060 434 945
-82,81140 -77,52130 939 188
-61,98320 -77,25480 849 820
-64,04000 -70,11160 830 120
-70,42410 -64,06100 803 293
-63,91170 -61,33030 453 878
-94,03050 -73,64600 680 157
-95,58920 -90,24440 964 473
-72,42340 -66,98040 979 829
-84,46730 -85,18990 621 576
-64,13760 -57,19480 589 30
-98,09070 -57,79780 587 218
-71,02010 -56,10200 509 944
-70,70780 -61,58870 941 206
-59,08490 -75,61470 625 308
-84,10390 -54,27910 639 378
-98,12120 -75,01790 886 726
-61,11310 -67,82660 483 309
-59,37900 -62,49430 746 601
-91,45170 -56,47410 663 229
-82,33090 -82,98430 570 854
-66,16790 -57,81580 718 806
-86,39760 -84,53780 657 556
-64,25480 -83,54710 680 340
-76,36770 -57,24660 590 141
-76,79740 -65,76380 594 649
-88,23180 -92,86660 669 466
-97,88300 -80,66940 853 848
-85,22320 -84,22900 624 885
-90,47430 -59,00130 803 180
-95,14820 -92,33160 409 65
-69,02970 -69,20100 570 424
-91,57990 -72,00610 676 429
-69,64820 -85,30980 438 846
-85,86770 -94,14350 815 190
-74,17080 -92,91010 784 355
-70,12020 -69,18270 670 38
-78,21250 -89,59640 693 832
-86,12290 -81,52860 648 168
-72,98410 -76,27630 626 515
-84,00710 -72,98770 651 127
-62,79310 -69,29160 647 53
-87,63610 -72,38110 728 110
-71,48810 -61,78060 567 443
-99,98550 -59,61780 599 369
-85,85680 -91,58960 448 849
-95,30060 -70,73130 958 499
-66,11400 -70,76330 941 186
-98,13050 -92,98010 744 542
-68,78450 -61,96140 947 751
-64,13190 -94,52850 673 899
-83,60010 -75,88330 662 455
-99,75030 -88,32290 789 177
-72,43810 -87,40980 808 167
-83,09530 -90,22800 482 457
-70,26220 -67,51500 791 639
-67,49230 -57,46390 420 861
-90,99940 -57,31760 862 890
-77,42260 -85,59670 669 607
-89,45240 -82,13700 794 151
-91,29030 -81,68800 425 31
-66,58690 -89,18710 905 116
-90,27380 -67,21080 704 744
-64,50390 -94,40080 605 279
-82,80080 -65,41700 740 848
-93,92790 -68,78490 867 35
-77,57970 -59,60900 402 359
-98,02610 -73,44800 638 545
-78,30990 -88,53640 631 799
-65,46470 -56,23370 761 96
-61,56090 -54,22200 874 83
-69,59220 -68,13760 661 58
-97,67150 -91,41780 505 685
-60,43290 -83,95390 951 915
-60,26930 -58,29680 853 600
-77,18010 -87,93860 739 236
-72,59980 -91,90480 762 431
-76,00670 -56,74470 824 582
-79,68740 -67,48940 427 122
-72,58230 -81,81240 984 488
-80,24060 -73,91420 476 422
-66,77810 -62,11970 526 625
-76,29350 -92,48790 877 814
-87,84040 -81,94170 532 757
-79,82640 -73,49640 746 753
-76,50350 -74,64340 924 982
-80,43260 -65,93570 726 306
-98,20250 -81,91690 471 718
-63,90770 -54,00380 643 341
-86,17610 -66,73910 916 289
-77,06690 -89,62350 955 244
-89,90660 -55,54670 781 308
-89,57290 -93,05630 904 542
-99,35330 -56,60300 542 644
-60,56630 -54,47930 592 166
-69,01170 -75,17650 959 576
-67,71910 -55,75230 750 19
-72,84490 -88,93790 451 873
-93,14590 -76,17190 788 393
-76,65240 -81,65160 529 801
-83,99880 -72,66140 404 882
-66,59790 -94,87530 834 38
-89,29240 -86,27300 745 723
-67,97870 -79,91180 904 434
-77,71350 -75,18000 929 423
-73,35610 -76,20980 884 633
-69,94000 -70,24160 889 624
-87,43450 -74,20920 654 365
-92,93190 -61,54280 464 517
-98,86890 -88,54840 872 502
-85,86170 -83,55780 800 909
-84,72320 -81,08720 864 845
-81,91130 -55,27030 623 686
-71,30140 -78,81210 433 648
-60,27370 -94,07810 401 758
-82,10010 -56,54770 730 106
-93,04250 -67,61950 872 179
-87,83800 -67,63300 869 391
-93,43690 -93,28770 928 863
-76,56720 -91,51200 703 340
-91,10100 -79,93570 693 198
-74,69000 -58,34880 994 270
-68,39980 -76,49890 732 281
-84,56660 -88,28390 923 647
-85,87300 -77,68340 865 680
-88,35700 -55,15680 608 573
-95,34140 -90,63580 464 23
-72,48130 -93,15250 445 301
-67,88610 -86,35460 541 248
-97,75080 -83,93270 744 935
-98,94140 -92,61000 460 461
-93,47080 -64,91750 640 52
-73,04330 -68,59160 561 625
-62,46490 -73,49020 929 452
-90,74750 -76,09420 458 78
-61,26200 -91,99730 402 215
-75,72060 -87,13990 775 338
-61,65650 -87,93030 683 163
-84,43840 -54,73280 523 493
-83,29720 -87,99250 786 616
-76,17490 -71,11460 944 240
-78,44360 -60,57830 504 716
-75,16550 -72,38040 406 689
-62,84060 -81,62530 906 804
-61,42730 -84,31410 456 330
-94,39490 -90,88430 624 730
-88,90820 -57,81830 736 269
-98,38790 -74,42000 716 836
-79,29040 -91,79510 552 863
-88,48500 -63,01340 464 694
-83,46510 -93,49530 506 194
-84,23430 -56,30060 561 340
-68,72450 -83,81020 947 229
-78,38870 -88,44820 714 886
-90,19400 -84,92200 453 285
-93,33120 -88,57450 620 869
-66,69380 -93,33380 737 938
-63,72000 -88,85370 798 190
-91,16850 -83,07760 966 910
-98,90780 -78,45360 989 247
-96,98540 -64,74960 643 972
-63,42080 -87,19300 994 739
-66,94330 -64,67300 831 110
-85,75540 -73,07230 770 220
-69,89390 -74,57210 573 895
-86,22540 -83,45270 997 686
-89,91110 -55,20300 910 28
-79,59970 -85,48880 965 376
-75,16400 -87,82420 981 439
-68,04210 -78,65060 968 423
-77,28910 -71,40190 997 290
-97,07020 -74,06490 661 307
-67,42980 -54,57830 963 362
-65,71400 -70,11010 613 488
-70,99200 -87,31210 497 447
-77,82870 -69,96740 977 759
-67,05160 -65,53410 905 587
-89,23710 -84,16610 691 335
-93,20770 -82,57890 583 79
-82,26960 -92,95070 733 844
-77,68960 -70,00010 855 977
-95,20220 -75,67130 969 921
-72,62240 -71,02290 701 731
-98,88920 -66,77230 735 868
-83,68660 -59,29640 462 16
-76,63720 -61,99360 902 427
-96,29000 -60,48090 883 24
-96,95380 -70,18520 477 697
-70,06100 -63,84610 850 451
-86,40640 -69,77660 967 311
-96,34280 -74,80730 677 17
-70,80450 -65,87650 607 121
-67,71590 -79,91420 544 340
-62,34660 -68,29670 748 418
-71,22770 -76,40450 761 11
-88,83990 -62,34440 576 212
-74,85790 -74,70730 417 20
-78,31310 -57,22960 633 406
-70,07230 -79,08790 692 409
-99,44810 -76,93870 623 944
-82,26690 -54,70900 553 650
-92,87440 -71,90190 876 227
-65,73110 -64,49660 668 709
-85,85040 -93,23880 982 552
-64,58900 -94,16530 494 42
-65,61400 -60,59190 817 722
-98,01760 -80,31610 590 263
-64,88420 -87,69050 803 413
-70,24310 -62,36320 990 666
-71,04540 -91,74400 484 495
-75,73550 -71,79750 834 691
-80,93800 -61,30310 653 15
-96,22070 -58,15790 490 97
-98,86850 -92,44100 780 106
-97,42200 -91,23160 484 31
-99,42500 -68,80430 798 383
-91,80990 -68,68300 416 401
-96,34070 -79,19550 870 590
-61,17090 -69,79900 780 229
-96,14710 -71,81570 601 87
-93,12390 -65,82430 608 17
-98,30920 -54,99020 799 458
-67,24310 -93,35500 966 266
-76,09980 -80,05370 543 673
-93,29180 -55,35420 830 654
9,17340 -6,96400 484 844
-15,17780 -23,06700 653 271
24,69000 12,45470 931 657
-3,94650 -12,30970 527 835
-1,59000 7,13520 782 48
17,39160 -4,51090 524 491
30,18440 15,11780 710 301
6,29390 5,27900 536 369
6,17240 -15,83100 486 572
-14,28890 -17,41040 638 821
-5,37290 -16,41250 611 112
-21,21190 -16,51710 644 116
17,41810 -3,64080 575 304
-24,66010 15,76950 409 793
15,47750 13,48580 555 722
27,53260 -23,16150 830 327
16,51840 -14,71910 422 681
13,08540 1,56100 474 535
25,20700 -1,06790 494 687
13,14030 -0,15140 465 613
14,22230 2,74390 829 766
-5,50600 14,84050 985 665
-6,51280 4,87530 916 428
-5,04660 7,44380 923 320
15,39520 -9,03610 669 717
14,99710 -10,17110 529 999
8,25990 -11,20970 592 120
-4,43350 13,05460 608 320
-8,16560 -9,49950 644 775
-17,91290 -3,03240 533 706
-4,13710 3,47080 754 341
-14,89650 6,86030 844 530
-18,33880 -7,21340 995 651
-24,09780 -2,33420 477 462
-25,81710 10,56950 484 33
-8,11660 12,71710 526 498
13,77210 12,02030 562 811
28,55860 -22,36780 579 509
-12,26470 -24,91430 918 901
29,58380 -20,19000 679 856
20,76920 12,68050 449 826
-29,18980 2,40030 926 981
-16,31020 3,87080 918 463
28,84620 -10,70590 656 474
29,08560 -17,87570 470 37
26,79320 12,83110 447 869
-17,77520 -17,21180 701 115
4,52800 4,20870 592 579
18,79740 -21,76110 487 394
-2,52250 12,72320 885 147
22,40980 -4,95660 614 244
5,02580 -9,37160 474 340
-20,13390 1,66430 847 759
-9,28100 7,67440 991 981
25,43290 3,83060 780 578
15,88820 -24,25830 690 914
27,22040 7,05660 909 848
-9,35210 -22,41910 599 886
0,23530 9,57800 676 516
21,83710 5,51060 528 331
-1,41430 -23,30780 751 493
0,23650 -12,17210 882 13
-18,07270 -11,55460 930 693
-9,08550 5,64470 746 824
22,70040 -15,98780 498 318
-0,99930 -24,91620 520 408
14,03400 7,81320 417 970
-2,49650 -10,73880 446 336
25,08400 -20,45750 715 25
19,81630 -19,33460 904 85
10,03650 -2,07500 810 63
24,61420 -18,41560 465 346
-18,84520 -0,49420 655 29
-22,66390 3,90740 754 757
-7,69900 -15,19770 754 54
25,05550 -18,81510 711 162
-0,06470 -22,30690 961 33
-9,39390 -16,56750 539 796
-27,97010 0,40860 936 243
8,69740 5,32030 668 114
-15,49480 -3,75600 678 967
19,82790 2,28660 411 305
30,91810 4,74730 659 505
-15,98410 -9,91270 620 427
19,69930 15,97800 641 873
-4,87750 -11,39350 738 379
-21,37050 -1,87080 422 294
-22,11030 2,32930 672 78
19,62670 4,20830 909 767
-12,79830 -2,76070 401 417
-1,18830 -0,33820 690 236
0,80320 10,01360 511 765
20,14530 -6,60700 750 215
-5,95180 -17,01560 852 851
10,54170 -1,72400 741 27
21,57480 -15,85810 802 526
10,51230 -9,00350 995 220
-8,38620 10,44760 759 148
2,16550 -9,15580 526 177
14,54440 -20,89990 990 877
-6,63200 -18,16190 450 121
5,43240 15,13820 529 518
-21,64500 -2,46510 424 624
10,51450 -8,28050 775 936
-3,70320 -18,07320 716 116
21,92950 -8,69420 987 942
17,37960 -11,27900 469 419
-7,00990 15,60380 529 384
-4,77620 -15,88660 969 16
23,46020 -18,55760 762 377
-9,06730 2,69270 568 684
3,16910 12,93370 467 597
14,89440 7,84760 896 636
-15,09120 4,82240 854 977
-10,92880 -22,88210 470 67
-6,47400 -16,99400 932 462
14,33930 13,89400 403 885
-17,06530 -15,20010 745 39
18,49750 -6,47830 652 483
-6,57810 0,09700 735 117
11,34250 3,26050 863 623
-29,01830 9,48910 792 541
-18,39690 -1,57440 735 369
-2,60930 3,36190 675 721
-28,77680 -24,19260 732 419
-1,29370 13,04120 944 220
12,81310 -12,25380 721 144
-15,12790 7,44270 515 789
30,02100 -15,34000 403 693
-25,03710 -14,49770 795 825
-20,01250 -23,34550 603 525
16,45000 -4,13780 445 324
-27,57630 -24,14260 427 517
17,05040 -11,61940 605 372
-17,11350 -4,38250 802 825
15,17020 10,77090 635 833
5,43600 -7,70450 560 591
22,76480 -19,72160 651 31
-20,82960 -7,26100 407 184
-1,19350 6,42770 714 171
28,82890 -22,59470 780 121
-27,85720 -12,83980 420 854
1,28940 7,44790 703 110
-5,82470 1,85400 659 213
21,53520 5,48610 690 625
-29,42690 -5,06200 883 209
-10,53410 -13,91510 731 915
-6,17790 -12,12790 908 712
8,02140 6,71510 547 622
26,39180 15,64160 954 44
10,25590 13,89000 540 744
26,89490 14,87670 694 946
2,13470 10,22640 792 806
-0,08270 10,45080 940 24
19,98960 3,21100 530 108
30,59660 -21,42100 401 470
-22,44780 2,80790 598 350
17,50350 -7,91670 463 955
-12,01760 -4,44640 671 76
-15,01100 -19,09670 763 416
14,72870 -0,23140 629 468
18,37130 4,77700 550 828
-20,42550 -3,93170 866 146
-11,84140 12,22810 647 219
-27,61330 11,39060 527 1000
-29,37670 1,46560 999 434
-12,77050 9,28550 902 257
5,88710 3,31510 498 440
9,43680 -3,80150 654 236
-1,78880 -24,63470 480 572
-8,66070 -22,56690 920 891
-19,60340 -2,63290 841 385
-3,93690 12,43930 604 799
-10,78670 12,83510 404 868
-1,40300 -24,46360 430 175
-28,08240 15,37040 471 314
24,50120 -14,99670 831 708
-14,73160 6,19080 960 792
-29,93720 -20,86250 962 537
-22,40330 -1,75960 733 442
-17,28720 9,76430 740 343
25,02360 -15,74400 606 650
63,19680 83,51420 943 292
65,71290 60,53490 570 768
77,48670 86,46900 523 604
92,90670 90,98930 579 466
73,34930 70,76900 416 686
80,84580 94,35860 521 510
86,04030 94,11900 921 469
61,67360 57,71610 404 429
80,80660 79,42560 695 375
96,33540 79,77750 944 411
62,69860 89,82490 585 624
89,76930 81,01260 868 754
71,73000 89,10840 835 401
92,77990 64,07330 945 616
89,10670 88,31180 868 126
96,42360 88,16330 701 709
72,01380 92,08820 942 636
61,08370 66,19100 844 635
89,85450 71,29400 698 446
62,69010 87,22580 662 802
65,73500 93,13890 885 343
85,15190 65,95220 472 376
88,84380 87,42940 950 634
93,50560 92,39680 656 825
63,64860 80,88950 852 269
95,36700 73,36730 878 32
94,65820 83,69710 414 599
63,40210 77,41500 930 245
85,93440 74,06900 867 778
68,69050 94,88150 829 36
64,60780 81,48710 840 242
65,19310 58,80180 772 629
61,70800 61,81740 768 816
70,59770 85,19280 992 512
79,43890 93,34240 639 89
77,72260 65,21250 998 950
87,97520 81,06070 657 368
64,49110 75,65180 942 136
67,25900 90,92310 737 590
97,49910 93,14100 617 256
76,07970 58,68680 723 57
68,16420 67,05260 989 264
60,58390 90,95520 906 959
77,54070 78,58910 684 245
81,48980 63,99280 727 219
61,68040 78,64490 823 786
69,16050 61,80720 514 646
76,50270 74,32190 820 558
92,02500 91,59770 925 144
82,94410 55,69880 899 230
94,12920 86,50860 668 387
65,92520 78,25420 635 342
60,00920 70,96830 480 207
62,22220 87,72480 746 863
81,86080 63,38960 836 308
70,34260 83,90970 793 482
81,58390 87,94970 764 365
74,28030 62,28620 439 658
85,77530 88,50560 950 535
68,20960 90,99150 662 645
95,62310 82,83390 577 582
100,77180 55,83060 535 497
60,79160 59,70470 726 262
93,58280 71,57740 858 166
60,04090 77,49410 770 177
84,36100 81,27470 930 257
82,00120 73,30380 711 654
67,81200 91,37590 745 455
74,55980 73,94040 660 868
61,01020 59,27450 768 898
81,25070 61,75500 880 23
89,92620 63,04280 720 982
67,24610 66,13520 713 553
65,25480 74,28670 755 174
97,44770 82,89820 472 398
65,31150 70,75120 921 227
84,95190 60,07440 829 954
72,49820 91,85920 904 520
93,99870 56,70130 995 645
72,70970 79,28480 402 808
90,76550 62,56330 658 121
85,58340 82,96000 583 500
91,65920 61,97140 473 597
84,14310 92,66530 829 786
83,79870 80,21660 888 405
90,18310 75,04280 973 484
81,71830 56,09300 969 156
93,69080 93,72790 614 187
81,02790 80,26400 704 602
66,68110 71,10290 638 724
94,58590 95,00710 613 33
61,93960 79,38820 446 734
88,80630 57,06760 532 835
94,84110 81,26630 883 696
63,81920 82,58500 436 756
66,14810 59,50090 868 806
78,81260 82,19150 606 588
77,61190 80,70170 920 291
62,05410 92,31350 876 940
63,02540 82,36550 951 543
91,21570 73,73570 424 483
63,87360 87,84660 919 691
65,53820 65,63340 853 211
72,09560 63,47000 999 909
67,49970 94,47470 734 28
80,46310 75,12170 899 944
85,17980 85,67420 738 264
77,73580 72,85510 840 821
62,96550 94,42350 452 169
81,97470 76,62300 614 65
92,18580 66,92560 727 482
82,34210 85,27190 854 234
80,76910 93,53090 548 75
60,33040 65,98240 680 439
83,70660 62,14910 671 574
70,86560 85,02780 588 877
83,84630 73,60620 958 374
93,65010 63,18610 938 731
80,74610 59,20510 986 883
85,25590 90,58430 497 589
95,43700 69,19130 746 960
90,43630 78,00320 943 782
85,81430 67,12310 560 818
98,66860 83,20800 596 94
86,93970 92,61060 464 140
96,80970 87,36110 747 883
69,24170 86,88420 660 498
69,32850 91,48250 732 140
74,92140 63,02630 836 87
61,20340 80,18990 791 411
92,97230 62,99430 713 875
68,62670 73,67280 518 243
98,23250 90,74440 556 248
64,73760 87,97700 662 156
72,15920 73,46540 903 931
79,47310 89,24030 620 323
69,77820 58,93930 602 110
84,72830 70,82640 887 32
94,58440 76,36340 816 41
78,70850 65,27310 789 211
63,46350 58,20100 486 780
96,73770 89,05980 701 451
85,77780 72,00050 413 87
70,56700 83,97070 531 438
85,49780 76,26270 960 256
98,41240 77,02540 751 178
68,53730 83,01890 991 438
64,91880 59,14040 893 460
64,66480 82,33350 500 768
64,54330 74,59680 981 246
68,86440 92,30240 461 595
73,83920 93,33780 470 412
77,69500 95,81540 428 631
90,50050 93,73760 522 510
94,26370 61,33090 909 763
98,87720 87,72130 908 866
64,61300 88,77570 754 146
95,54010 72,11830 957 856
66,70530 80,40560 860 814
61,65820 75,33930 958 108
62,44730 55,60560 774 354
67,71290 91,61660 972 218
96,85620 90,69970 998 597
81,11480 86,23190 910 26
97,70150 64,75750 851 342
80,61380 74,74290 677 914
93,92090 58,47390 865 288
85,52710 69,52450 489 817
82,08540 61,64010 422 50
84,95020 90,01000 500 600
71,88350 60,97750 845 218
87,54720 94,76830 560 22
68,83130 62,67760 801 674
68,59220 73,73190 723 605
98,70030 56,13670 909 919
60,53930 91,20760 683 759
87,76000 59,40270 654 250
72,83780 84,25120 958 92
87,05740 67,44450 699 745
85,34930 84,77100 558 394
87,13510 62,63580 970 117
94,04070 66,41820 715 47
72,83230 71,45530 683 47
64,38650 80,00400 895 977
97,37030 65,55630 409 155
69,89240 82,10140 621 435
93,53180 60,27240 454 847
78,52210 87,88760 628 952
67,96970 74,23320 693 897
95,64040 64,89260 839 498
81,68180 85,50840 902 523
62,85660 57,65450 732 160
92,63740 66,89630 992 461
70,94120 78,23670 578 514
76,85360 72,42400 582 70
88,41870 75,70330 530 89
77,82420 76,50810 749 567
60,42700 58,21470 789 305
90,97670 55,67490 628 125
60,28270 71,24000 774 704
84,03560 63,22520 411 498
100,94020 86,94820 490 925
89,80750 81,32550 865 581
69,05490 69,89030 804 191
88,22240 77,35090 852 872
97,29210 71,17050 756 852
